0.0001	99.5	0.5	0
0.0005	97.5	2.5	0
0.001	95	5	0
0.002	90	9.9	0.1
0.0025	87.4	12.4	0.1
0.003	83.2	16.6	0.2
0.004	79.9	19.9	0.2
0.005	74.9	24.8	0.3
0.006	66.6	33.1	0.3
0.007	64.3	35.4	0.3
0.008	60.1	39.5	0.4
0.009	54.7	44.8	0.5
0.01	50.5	49.1	0.4
0.011	45	54.5	0.5
0.012	41.8	57.6	0.6
0.0125	38.3	61	0.6
0.013	34.4	65	0.6
0.014	29.9	69.4	0.7
0.015	25	74.3	0.7
0.016	19.2	80	0.8
0.018	12.8	86.4	0.8
0.02	5.6	93.4	1
0.1	0.01	98.9	1
1	0	99	1
